1.
a1	a0	b1	b0		a<=b?
0	0	0	0		1
0	0	0	1		1
0	0	1	0		1
0	0	1	1		1

0	1	0	0		0
0	1	0	1		1
0	1	1	0		1
0	1	1	1		1

1	0	0	0		0
1	0	0	1		0
1	0	1	0		1
1	0	1	1		1

1	1	0	0		0
1	1	0	1		0
1	1	1	0		0
1	1	1	1		1

2.
a1'*a0'*b1'*b0'
a1'*a0'*b1'*b0
a1'*a0'*b1*b0'
a1'*a0'*b1*b0


al'*a0*b1'*b0
al'*a0*b1*b0'
al'*a0*b1*b0

al*a0'*b1*b0'
al*a0'*b1*b0

al*a0*b1*b0

3.
x	y			majority
0	0			0
0	1			z
1	0			z
1	1			1

4.
x	y	z		minority
0	0	0		1
0	0	1		1
0	1	0		1
0	1	1		0
1	0	0		1
1	0	1		0
1	1	0		0
1	1	1		0

5.
x'*y'*z'
x*y*z'
x*y'*z
x'*y*z

6.
r	1	1	1
	1	1	1	1	0	0
+	0	1	1	1	1	1
---------------------------
1	0	1	1	0	1	1

7.
r	1	1
	1	0	1	1	0	1	1
+	1	1	1	0	1	0	0
--------------------------------
1	1	0	0	1	1	1	1

8.
	1	0	1	1	1	0	1	0	1
-	0	0	0	1	0	1	1	0	1
---------------------------------------
	
r	1	1	1	1	0	1	1	1
	1	0	1	1	1	0	1	0	1
+	0	0	0	0	1	0	0	1	1
-------------------------------------
1	1	0	1	0	0	1	0	0	0
x
----------------------------------------
	1	0	1	0	0	1	0	0	0
	
9.
r	-1	-1	-1	-1
	0	0	1	1	0	1	0	0
-	1	0	1	1	1	0	0	0
-------------------------------------
-	0	1	0	0	0	1	0	0